W:
0.0000,0.0000,0.0000,0.0000,0.0000,0.0000,0.0000,0.0002,0.1023
0.0000,0.0000,0.0000,0.0000,0.0000,0.1596,0.0000,0.0000,0.0000
0.0000,0.0000,0.0000,0.0000,0.0000,0.0000,0.0000,0.0001,0.0000
0.0000,0.0000,0.0000,0.0000,0.0000,0.0000,0.0001,0.0000,0.0000
0.0000,0.0000,0.0000,0.0000,0.0000,0.0000,0.0000,0.0001,0.0000
0.0000,0.1596,0.0000,0.0000,0.0000,0.0000,0.0000,0.0000,0.0000
0.0000,0.0000,0.0000,0.0001,0.0000,0.0000,0.0000,0.0000,0.0000
0.0002,0.0000,0.0001,0.0000,0.0001,0.0000,0.0000,0.0000,0.0001
0.1023,0.0000,0.0000,0.0000,0.0000,0.0000,0.0000,0.0001,0.0000

D:
0.1025,0.0000,0.0000,0.0000,0.0000,0.0000,0.0000,0.0000,0.0000
0.0000,0.1596,0.0000,0.0000,0.0000,0.0000,0.0000,0.0000,0.0000
0.0000,0.0000,0.0001,0.0000,0.0000,0.0000,0.0000,0.0000,0.0000
0.0000,0.0000,0.0000,0.0002,0.0000,0.0000,0.0000,0.0000,0.0000
0.0000,0.0000,0.0000,0.0000,0.0002,0.0000,0.0000,0.0000,0.0000
0.0000,0.0000,0.0000,0.0000,0.0000,0.1596,0.0000,0.0000,0.0000
0.0000,0.0000,0.0000,0.0000,0.0000,0.0000,0.0002,0.0000,0.0000
0.0000,0.0000,0.0000,0.0000,0.0000,0.0000,0.0000,0.0004,0.0000
0.0000,0.0000,0.0000,0.0000,0.0000,0.0000,0.0000,0.0000,0.1024

Lnorm:
1.0000,0.0000,-0.0004,-0.0008,-0.0013,0.0000,-0.0012,-0.0275,-0.9987
0.0000,1.0000,-0.0025,-0.0006,-0.0010,-0.9999,-0.0001,0.0000,0.0000
-0.0004,-0.0025,1.0000,-0.0304,-0.0631,-0.0023,-0.0013,-0.3353,-0.0004
-0.0008,-0.0006,-0.0304,1.0000,-0.2026,-0.0007,-0.7685,-0.0106,-0.0013
-0.0013,-0.0010,-0.0631,-0.2026,1.0000,-0.0010,-0.0407,-0.3831,-0.0006
0.0000,-0.9999,-0.0023,-0.0007,-0.0010,1.0000,-0.0002,0.0000,0.0000
-0.0012,-0.0001,-0.0013,-0.7685,-0.0407,-0.0002,1.0000,-0.0144,-0.0012
-0.0275,0.0000,-0.3353,-0.0106,-0.3831,0.0000,-0.0144,1.0000,-0.0095
-0.9987,0.0000,-0.0004,-0.0013,-0.0006,0.0000,-0.0012,-0.0095,1.0000

A:
1.9989,0.0000,0.0000,0.0000,0.0000,0.0000,0.0000,0.0000,0.0000
0.0000,1.9999,0.0000,0.0000,0.0000,0.0000,0.0000,0.0000,0.0000
0.0000,0.0000,1.0686,0.0000,0.0000,0.0000,0.0000,0.0000,0.0000
0.0000,0.0000,0.0000,1.7938,0.0000,0.0000,0.0000,0.0000,0.0000
0.0000,0.0000,0.0000,0.0000,1.4684,0.0000,0.0000,0.0000,0.0000
0.0000,0.0000,0.0000,0.0000,0.0000,0.0000,0.0000,0.0000,0.0000
0.0000,0.0000,0.0000,0.0000,0.0000,0.0000,0.1683,0.0000,0.0000
0.0000,0.0000,0.0000,0.0000,0.0000,0.0000,0.0000,0.5018,0.0000
0.0000,0.0000,0.0000,0.0000,0.0000,0.0000,0.0000,0.0000,0.0002

V:
0.7071,-0.0007,0.0001,0.0034,-0.0032,0.4418,-0.0329,-0.0201,0.5507
0.0007,0.7071,-0.0010,-0.0001,-0.0010,0.5513,-0.0068,-0.0028,-0.4428
0.0053,-0.0002,0.7444,-0.0630,0.4374,0.0144,0.1325,0.4824,0.0099
-0.0023,0.0002,0.0213,0.7006,0.1120,0.0195,0.6664,-0.2267,0.0152
0.0060,-0.0001,-0.6516,-0.2002,0.4941,0.0185,0.2998,0.4480,0.0159
-0.0007,-0.7071,-0.0012,0.0001,-0.0011,0.5513,-0.0068,-0.0029,-0.4428
0.0018,0.0000,0.1409,-0.6702,-0.2059,0.0174,0.6342,-0.2931,0.0139
-0.0169,0.0001,-0.0321,0.1259,-0.7136,0.0287,0.2095,0.6542,0.0301
-0.7068,0.0007,0.0012,-0.0057,0.0205,0.4415,-0.0349,-0.0283,0.5504

U:
0.4418,0.5507,-0.0329,-0.0201
0.5513,-0.4428,-0.0068,-0.0028
0.0144,0.0099,0.1325,0.4824
0.0195,0.0152,0.6664,-0.2267
0.0185,0.0159,0.2998,0.4480
0.5513,-0.4428,-0.0068,-0.0029
0.0174,0.0139,0.6342,-0.2931
0.0287,0.0301,0.2095,0.6542
0.4415,0.5504,-0.0349,-0.0283

T:
0.6248,0.7788,-0.0466,-0.0285
0.7796,-0.6262,-0.0097,-0.0040
0.0288,0.0199,0.2646,0.9637
0.0277,0.0215,0.9461,-0.3218
0.0342,0.0296,0.5555,0.8303
0.7796,-0.6262,-0.0096,-0.0041
0.0249,0.0199,0.9073,-0.4194
0.0418,0.0438,0.3044,0.9506
0.6245,0.7785,-0.0494,-0.0400

Centroids(C):
0.6247,0.7786,-0.0480,-0.0342
0.7796,-0.6262,-0.0096,-0.0040
0.0349,0.0311,0.3749,0.9149
0.0263,0.0207,0.9267,-0.3706

Centroids(python):
5,7,8,6
0.7796,-0.6262,-0.0096,-0.0040
0.0349,0.0311,0.3749,0.9149
0.6247,0.7786,-0.0480,-0.0342
0.0263,0.0207,0.9267,-0.3706