W:
0.0000,0.1494,0.0015,0.0015,0.0009,0.0000,0.0021
0.1494,0.0000,0.0029,0.0015,0.0007,0.0000,0.0045
0.0015,0.0029,0.0000,0.0531,0.0282,0.0000,0.2051
0.0015,0.0015,0.0531,0.0000,0.3091,0.0000,0.0249
0.0009,0.0007,0.0282,0.3091,0.0000,0.0000,0.0162
0.0000,0.0000,0.0000,0.0000,0.0000,0.0000,0.0000
0.0021,0.0045,0.2051,0.0249,0.0162,0.0000,0.0000

D:
0.1553,0.0000,0.0000,0.0000,0.0000,0.0000,0.0000
0.0000,0.1592,0.0000,0.0000,0.0000,0.0000,0.0000
0.0000,0.0000,0.2909,0.0000,0.0000,0.0000,0.0000
0.0000,0.0000,0.0000,0.3901,0.0000,0.0000,0.0000
0.0000,0.0000,0.0000,0.0000,0.3551,0.0000,0.0000
0.0000,0.0000,0.0000,0.0000,0.0000,0.0001,0.0000
0.0000,0.0000,0.0000,0.0000,0.0000,0.0000,0.2528

Lnorm:
1.0000,-0.9504,-0.0071,-0.0059,-0.0037,-0.0014,-0.0104
-0.9504,1.0000,-0.0137,-0.0061,-0.0031,-0.0019,-0.0226
-0.0071,-0.0137,1.0000,-0.1577,-0.0878,-0.0023,-0.7563
-0.0059,-0.0061,-0.1577,1.0000,-0.8304,-0.0042,-0.0792
-0.0037,-0.0031,-0.0878,-0.8304,1.0000,-0.0054,-0.0539
-0.0014,-0.0019,-0.0023,-0.0042,-0.0054,1.0000,-0.0069
-0.0104,-0.0226,-0.7563,-0.0792,-0.0539,-0.0069,1.0000

A:
1.9504,0.0000,0.0000,0.0000,0.0000,0.0000,0.0000
0.0000,0.0609,0.0000,0.0000,0.0000,0.0000,0.0000
0.0000,0.0000,1.7520,0.0000,0.0000,0.0000,0.0000
0.0000,0.0000,0.0000,1.8382,0.0000,0.0000,0.0000
0.0000,0.0000,0.0000,0.0000,0.0000,0.0000,0.0000
0.0000,0.0000,0.0000,0.0000,0.0000,1.0001,0.0000
0.0000,0.0000,0.0000,0.0000,0.0000,0.0000,0.3984

V:
0.7069,0.6341,0.0117,-0.0064,0.3112,-0.0018,-0.0339
-0.7071,0.6324,-0.0070,0.0037,0.3150,-0.0014,-0.0271
-0.0066,-0.1881,0.6771,-0.2127,0.4259,-0.0082,0.5286
0.0023,-0.2637,0.1677,0.6892,0.4932,-0.0055,-0.4289
-0.0026,-0.2558,-0.2154,-0.6714,0.4706,-0.0034,-0.4646
0.0003,-0.0021,0.0048,0.0001,0.0094,0.9999,0.0011
0.0142,-0.1662,-0.6832,0.1699,0.3970,-0.0014,0.5647

U:
0.3112,0.6341,-0.0339
0.3150,0.6324,-0.0271
0.4259,-0.1881,0.5286
0.4932,-0.2637,-0.4289
0.4706,-0.2558,-0.4646
0.0094,-0.0021,0.0011
0.3970,-0.1662,0.5647

T:
0.4401,0.8967,-0.0480
0.4456,0.8944,-0.0384
0.6047,-0.2670,0.7504
0.6998,-0.3742,-0.6086
0.6637,-0.3607,-0.6553
0.9705,-0.2141,0.1109
0.5592,-0.2341,0.7953

Centroids(C):
0.4401,0.8967,-0.0480
0.4456,0.8944,-0.0384
0.6996,-0.2900,0.0785

Centroids(python):
4,2,1
0.6817,-0.3674,-0.6319
0.7115,-0.2384,0.5522
0.4428,0.8955,-0.0432