W:
0.0000,0.0000,0.0000,0.0000,0.0005,0.0094,0.0000,0.0000,0.0000,0.0000,0.0000,0.0002,0.0000,0.0001,0.0001,0.0006,0.0000,0.0000,0.0000,0.0001
0.0000,0.0000,0.0000,0.0000,0.0002,0.0000,0.0002,0.0088,0.0001,0.0022,0.0014,0.0008,0.0024,0.0000,0.0003,0.0001,0.0000,0.0004,0.0000,0.0001
0.0000,0.0000,0.0000,0.0000,0.0000,0.0001,0.0000,0.0000,0.0000,0.0001,0.0000,0.0000,0.0000,0.4204,0.0000,0.0000,0.0000,0.0011,0.0000,0.0001
0.0000,0.0000,0.0000,0.0000,0.0030,0.0000,0.0031,0.0000,0.0000,0.0000,0.0000,0.0000,0.0000,0.0000,0.0000,0.0000,0.0007,0.0000,0.0000,0.0001
0.0005,0.0002,0.0000,0.0030,0.0000,0.0001,0.0015,0.0000,0.0000,0.0002,0.0001,0.0000,0.0000,0.0000,0.0001,0.0001,0.0006,0.0001,0.0000,0.0007
0.0094,0.0000,0.0001,0.0000,0.0001,0.0000,0.0000,0.0000,0.0000,0.0000,0.0001,0.0001,0.0000,0.0001,0.0004,0.0013,0.0000,0.0002,0.0000,0.0000
0.0000,0.0002,0.0000,0.0031,0.0015,0.0000,0.0000,0.0000,0.0000,0.0010,0.0001,0.0001,0.0000,0.0000,0.0000,0.0000,0.0055,0.0002,0.0000,0.0056
0.0000,0.0088,0.0000,0.0000,0.0000,0.0000,0.0000,0.0000,0.0001,0.0001,0.0003,0.0000,0.0035,0.0000,0.0003,0.0001,0.0000,0.0001,0.0000,0.0000
0.0000,0.0001,0.0000,0.0000,0.0000,0.0000,0.0000,0.0001,0.0000,0.0001,0.0015,0.0000,0.0190,0.0000,0.0000,0.0000,0.0000,0.0000,0.0000,0.0000
0.0000,0.0022,0.0001,0.0000,0.0002,0.0000,0.0010,0.0001,0.0001,0.0000,0.0023,0.0002,0.0005,0.0001,0.0000,0.0000,0.0000,0.0127,0.0006,0.0049
0.0000,0.0014,0.0000,0.0000,0.0001,0.0001,0.0001,0.0003,0.0015,0.0023,0.0000,0.0006,0.0045,0.0000,0.0001,0.0001,0.0000,0.0059,0.0001,0.0004
0.0002,0.0008,0.0000,0.0000,0.0000,0.0001,0.0001,0.0000,0.0000,0.0002,0.0006,0.0000,0.0000,0.0000,0.0002,0.0002,0.0000,0.0011,0.0000,0.0004
0.0000,0.0024,0.0000,0.0000,0.0000,0.0000,0.0000,0.0035,0.0190,0.0005,0.0045,0.0000,0.0000,0.0000,0.0001,0.0000,0.0000,0.0002,0.0001,0.0000
0.0001,0.0000,0.4204,0.0000,0.0000,0.0001,0.0000,0.0000,0.0000,0.0001,0.0000,0.0000,0.0000,0.0000,0.0000,0.0000,0.0000,0.0012,0.0000,0.0002
0.0001,0.0003,0.0000,0.0000,0.0001,0.0004,0.0000,0.0003,0.0000,0.0000,0.0001,0.0002,0.0001,0.0000,0.0000,0.0425,0.0000,0.0000,0.0000,0.0000
0.0006,0.0001,0.0000,0.0000,0.0001,0.0013,0.0000,0.0001,0.0000,0.0000,0.0001,0.0002,0.0000,0.0000,0.0425,0.0000,0.0000,0.0000,0.0000,0.0000
0.0000,0.0000,0.0000,0.0007,0.0006,0.0000,0.0055,0.0000,0.0000,0.0000,0.0000,0.0000,0.0000,0.0000,0.0000,0.0000,0.0000,0.0000,0.0000,0.0010
0.0000,0.0004,0.0011,0.0000,0.0001,0.0002,0.0002,0.0001,0.0000,0.0127,0.0059,0.0011,0.0002,0.0012,0.0000,0.0000,0.0000,0.0000,0.0004,0.0047
0.0000,0.0000,0.0000,0.0000,0.0000,0.0000,0.0000,0.0000,0.0000,0.0006,0.0001,0.0000,0.0001,0.0000,0.0000,0.0000,0.0000,0.0004,0.0000,0.0000
0.0001,0.0001,0.0001,0.0001,0.0007,0.0000,0.0056,0.0000,0.0000,0.0049,0.0004,0.0004,0.0000,0.0002,0.0000,0.0000,0.0010,0.0047,0.0000,0.0000

D:
0.0111,0.0000,0.0000,0.0000,0.0000,0.0000,0.0000,0.0000,0.0000,0.0000,0.0000,0.0000,0.0000,0.0000,0.0000,0.0000,0.0000,0.0000,0.0000,0.0000
0.0000,0.0173,0.0000,0.0000,0.0000,0.0000,0.0000,0.0000,0.0000,0.0000,0.0000,0.0000,0.0000,0.0000,0.0000,0.0000,0.0000,0.0000,0.0000,0.0000
0.0000,0.0000,0.4220,0.0000,0.0000,0.0000,0.0000,0.0000,0.0000,0.0000,0.0000,0.0000,0.0000,0.0000,0.0000,0.0000,0.0000,0.0000,0.0000,0.0000
0.0000,0.0000,0.0000,0.0069,0.0000,0.0000,0.0000,0.0000,0.0000,0.0000,0.0000,0.0000,0.0000,0.0000,0.0000,0.0000,0.0000,0.0000,0.0000,0.0000
0.0000,0.0000,0.0000,0.0000,0.0072,0.0000,0.0000,0.0000,0.0000,0.0000,0.0000,0.0000,0.0000,0.0000,0.0000,0.0000,0.0000,0.0000,0.0000,0.0000
0.0000,0.0000,0.0000,0.0000,0.0000,0.0121,0.0000,0.0000,0.0000,0.0000,0.0000,0.0000,0.0000,0.0000,0.0000,0.0000,0.0000,0.0000,0.0000,0.0000
0.0000,0.0000,0.0000,0.0000,0.0000,0.0000,0.0173,0.0000,0.0000,0.0000,0.0000,0.0000,0.0000,0.0000,0.0000,0.0000,0.0000,0.0000,0.0000,0.0000
0.0000,0.0000,0.0000,0.0000,0.0000,0.0000,0.0000,0.0135,0.0000,0.0000,0.0000,0.0000,0.0000,0.0000,0.0000,0.0000,0.0000,0.0000,0.0000,0.0000
0.0000,0.0000,0.0000,0.0000,0.0000,0.0000,0.0000,0.0000,0.0209,0.0000,0.0000,0.0000,0.0000,0.0000,0.0000,0.0000,0.0000,0.0000,0.0000,0.0000
0.0000,0.0000,0.0000,0.0000,0.0000,0.0000,0.0000,0.0000,0.0000,0.0251,0.0000,0.0000,0.0000,0.0000,0.0000,0.0000,0.0000,0.0000,0.0000,0.0000
0.0000,0.0000,0.0000,0.0000,0.0000,0.0000,0.0000,0.0000,0.0000,0.0000,0.0175,0.0000,0.0000,0.0000,0.0000,0.0000,0.0000,0.0000,0.0000,0.0000
0.0000,0.0000,0.0000,0.0000,0.0000,0.0000,0.0000,0.0000,0.0000,0.0000,0.0000,0.0040,0.0000,0.0000,0.0000,0.0000,0.0000,0.0000,0.0000,0.0000
0.0000,0.0000,0.0000,0.0000,0.0000,0.0000,0.0000,0.0000,0.0000,0.0000,0.0000,0.0000,0.0304,0.0000,0.0000,0.0000,0.0000,0.0000,0.0000,0.0000
0.0000,0.0000,0.0000,0.0000,0.0000,0.0000,0.0000,0.0000,0.0000,0.0000,0.0000,0.0000,0.0000,0.4221,0.0000,0.0000,0.0000,0.0000,0.0000,0.0000
0.0000,0.0000,0.0000,0.0000,0.0000,0.0000,0.0000,0.0000,0.0000,0.0000,0.0000,0.0000,0.0000,0.0000,0.0443,0.0000,0.0000,0.0000,0.0000,0.0000
0.0000,0.0000,0.0000,0.0000,0.0000,0.0000,0.0000,0.0000,0.0000,0.0000,0.0000,0.0000,0.0000,0.0000,0.0000,0.0451,0.0000,0.0000,0.0000,0.0000
0.0000,0.0000,0.0000,0.0000,0.0000,0.0000,0.0000,0.0000,0.0000,0.0000,0.0000,0.0000,0.0000,0.0000,0.0000,0.0000,0.0079,0.0000,0.0000,0.0000
0.0000,0.0000,0.0000,0.0000,0.0000,0.0000,0.0000,0.0000,0.0000,0.0000,0.0000,0.0000,0.0000,0.0000,0.0000,0.0000,0.0000,0.0283,0.0000,0.0000
0.0000,0.0000,0.0000,0.0000,0.0000,0.0000,0.0000,0.0000,0.0000,0.0000,0.0000,0.0000,0.0000,0.0000,0.0000,0.0000,0.0000,0.0000,0.0012,0.0000
0.0000,0.0000,0.0000,0.0000,0.0000,0.0000,0.0000,0.0000,0.0000,0.0000,0.0000,0.0000,0.0000,0.0000,0.0000,0.0000,0.0000,0.0000,0.0000,0.0185

Lnorm:
1.0000,-0.0012,-0.0006,-0.0005,-0.0535,-0.8119,-0.0015,-0.0003,0.0000,-0.0005,-0.0011,-0.0249,0.0000,-0.0007,-0.0051,-0.0263,-0.0041,-0.0028,-0.0001,-0.0077
-0.0012,1.0000,0.0000,-0.0032,-0.0189,-0.0016,-0.0095,-0.5781,-0.0078,-0.1064,-0.0808,-0.0973,-0.1047,0.0000,-0.0122,-0.0049,-0.0003,-0.0180,-0.0030,-0.0068
-0.0006,0.0000,1.0000,0.0000,-0.0001,-0.0018,0.0000,0.0000,0.0000,-0.0006,-0.0002,-0.0006,0.0000,-0.9961,0.0000,0.0000,0.0000,-0.0105,-0.0007,-0.0013
-0.0005,-0.0032,0.0000,1.0000,-0.4185,-0.0003,-0.2803,-0.0004,-0.0005,-0.0035,-0.0013,-0.0002,-0.0004,0.0000,-0.0011,-0.0004,-0.0917,-0.0004,-0.0024,-0.0057
-0.0535,-0.0189,-0.0001,-0.4185,1.0000,-0.0147,-0.1389,-0.0021,-0.0002,-0.0153,-0.0073,-0.0045,-0.0005,-0.0001,-0.0033,-0.0047,-0.0738,-0.0044,-0.0021,-0.0646
-0.8119,-0.0016,-0.0018,-0.0003,-0.0147,1.0000,-0.0005,-0.0016,0.0000,-0.0009,-0.0062,-0.0146,-0.0002,-0.0015,-0.0186,-0.0569,-0.0011,-0.0106,-0.0016,-0.0032
-0.0015,-0.0095,0.0000,-0.2803,-0.1389,-0.0005,1.0000,-0.0003,-0.0004,-0.0480,-0.0052,-0.0073,-0.0005,0.0000,-0.0009,-0.0003,-0.4685,-0.0074,-0.0034,-0.3144
-0.0003,-0.5781,0.0000,-0.0004,-0.0021,-0.0016,-0.0003,1.0000,-0.0053,-0.0077,-0.0203,-0.0055,-0.1739,0.0000,-0.0135,-0.0046,0.0000,-0.0029,-0.0043,-0.0002
0.0000,-0.0078,0.0000,-0.0005,-0.0002,0.0000,-0.0004,-0.0053,1.0000,-0.0039,-0.0770,-0.0005,-0.7551,0.0000,-0.0003,-0.0001,0.0000,-0.0011,-0.0029,-0.0002
-0.0005,-0.1064,-0.0006,-0.0035,-0.0153,-0.0009,-0.0480,-0.0077,-0.0039,1.0000,-0.1089,-0.0213,-0.0189,-0.0008,-0.0004,-0.0001,-0.0017,-0.4766,-0.1018,-0.2288
-0.0011,-0.0808,-0.0002,-0.0013,-0.0073,-0.0062,-0.0052,-0.0203,-0.0770,-0.1089,1.0000,-0.0738,-0.1957,-0.0001,-0.0048,-0.0027,-0.0014,-0.2650,-0.0157,-0.0224
-0.0249,-0.0973,-0.0006,-0.0002,-0.0045,-0.0146,-0.0073,-0.0055,-0.0005,-0.0213,-0.0738,1.0000,-0.0027,-0.0007,-0.0137,-0.0134,-0.0017,-0.1051,-0.0005,-0.0431
0.0000,-0.1047,0.0000,-0.0004,-0.0005,-0.0002,-0.0005,-0.1739,-0.7551,-0.0189,-0.1957,-0.0027,1.0000,0.0000,-0.0016,-0.0004,0.0000,-0.0059,-0.0109,-0.0004
-0.0007,0.0000,-0.9961,0.0000,-0.0001,-0.0015,0.0000,0.0000,0.0000,-0.0008,-0.0001,-0.0007,0.0000,1.0000,0.0000,0.0000,0.0000,-0.0110,-0.0008,-0.0022
-0.0051,-0.0122,0.0000,-0.0011,-0.0033,-0.0186,-0.0009,-0.0135,-0.0003,-0.0004,-0.0048,-0.0137,-0.0016,0.0000,1.0000,-0.9516,-0.0005,-0.0008,-0.0003,-0.0003
-0.0263,-0.0049,0.0000,-0.0004,-0.0047,-0.0569,-0.0003,-0.0046,-0.0001,-0.0001,-0.0027,-0.0134,-0.0004,0.0000,-0.9516,1.0000,-0.0003,-0.0004,-0.0001,-0.0002
-0.0041,-0.0003,0.0000,-0.0917,-0.0738,-0.0011,-0.4685,0.0000,0.0000,-0.0017,-0.0014,-0.0017,0.0000,0.0000,-0.0005,-0.0003,1.0000,-0.0015,-0.0005,-0.0853
-0.0028,-0.0180,-0.0105,-0.0004,-0.0044,-0.0106,-0.0074,-0.0029,-0.0011,-0.4766,-0.2650,-0.1051,-0.0059,-0.0110,-0.0008,-0.0004,-0.0015,1.0000,-0.0626,-0.2041
-0.0001,-0.0030,-0.0007,-0.0024,-0.0021,-0.0016,-0.0034,-0.0043,-0.0029,-0.1018,-0.0157,-0.0005,-0.0109,-0.0008,-0.0003,-0.0001,-0.0005,-0.0626,1.0000,-0.0066
-0.0077,-0.0068,-0.0013,-0.0057,-0.0646,-0.0032,-0.3144,-0.0002,-0.0002,-0.2288,-0.0224,-0.0431,-0.0004,-0.0022,-0.0003,-0.0002,-0.0853,-0.2041,-0.0066,1.0000

A:
1.8132,0.0019,0.0002,0.0000,0.0000,-0.0048,-0.0035,-0.0032,0.0000,-0.0038,0.0098,-0.0038,-0.0027,0.0010,-0.0086,0.0032,0.0000,0.0097,-0.0020,0.0012
0.0019,1.6072,0.0001,0.0039,0.0000,-0.0001,-0.0006,-0.0009,0.0000,-0.0026,0.0040,-0.0008,0.0018,-0.0039,0.0005,0.0017,-0.0021,0.0000,0.0000,0.0001
0.0002,0.0001,1.9961,-0.0001,-0.0001,-0.0002,-0.0001,-0.0001,0.0000,-0.0002,-0.0002,-0.0001,0.0002,0.0000,0.0000,-0.0002,0.0002,0.0003,-0.0002,0.0002
0.0000,0.0039,-0.0001,1.3875,0.0065,0.0007,-0.0037,-0.0013,-0.0017,-0.0014,0.0012,-0.0036,0.0001,-0.0001,0.0001,-0.0004,-0.0001,-0.0005,-0.0012,0.0003
0.0000,0.0000,-0.0001,0.0065,0.7968,0.0001,0.0025,0.0002,0.0052,-0.0084,0.0011,-0.0077,-0.0079,-0.0015,0.0003,-0.0081,0.0001,-0.0001,0.0000,-0.0030
-0.0048,-0.0001,-0.0002,0.0007,0.0001,0.2096,-0.0064,0.0054,0.0002,0.0038,0.0000,0.0000,-0.0087,-0.0013,-0.0007,0.0078,0.0002,0.0028,-0.0043,0.0040
-0.0035,-0.0006,-0.0001,-0.0037,0.0025,-0.0064,1.5957,-0.0068,-0.0021,0.0000,0.0045,0.0000,-0.0066,-0.0016,0.0000,0.0021,-0.0016,-0.0013,0.0083,-0.0083
-0.0032,-0.0009,-0.0001,-0.0013,0.0002,0.0054,-0.0068,0.4950,-0.0084,-0.0082,-0.0111,-0.0083,-0.0083,0.0029,-0.0067,-0.0002,0.0000,0.0011,0.0022,-0.0049
0.0000,0.0000,0.0000,-0.0017,0.0052,0.0002,-0.0021,-0.0084,1.7862,0.0007,0.0104,-0.0022,0.0104,0.0009,-0.0006,0.0000,0.0000,-0.0024,0.0000,0.0016
-0.0038,-0.0026,-0.0002,-0.0014,-0.0084,0.0038,0.0000,-0.0082,0.0007,1.4832,0.0014,-0.0001,-0.0027,0.0093,0.0005,0.0025,-0.0052,0.0005,0.0000,-0.0001
0.0098,0.0040,-0.0002,0.0012,0.0011,0.0000,0.0045,-0.0111,0.0104,0.0014,1.0755,0.0057,-0.0001,-0.0002,-0.0008,0.0031,-0.0052,-0.0072,-0.0011,0.0000
-0.0038,-0.0008,-0.0001,-0.0036,-0.0077,0.0000,0.0000,-0.0083,-0.0022,-0.0001,0.0057,0.9709,0.0001,-0.0001,-0.0002,-0.0100,-0.0048,0.0052,0.0007,0.0007
-0.0027,0.0018,0.0002,0.0001,-0.0079,-0.0087,-0.0066,-0.0083,0.0104,-0.0027,-0.0001,0.0001,0.0099,-0.0048,0.0034,-0.0004,-0.0091,-0.0079,0.0001,-0.0010
0.0010,-0.0039,0.0000,-0.0001,-0.0015,-0.0013,-0.0016,0.0029,0.0009,0.0093,-0.0002,-0.0001,-0.0048,0.0039,0.0000,0.0036,-0.0034,-0.0086,0.0005,0.0024
-0.0086,0.0005,0.0000,0.0001,0.0003,-0.0007,0.0000,-0.0067,-0.0006,0.0005,-0.0008,-0.0002,0.0034,0.0000,1.9520,0.0099,0.0020,-0.0007,-0.0001,-0.0007
0.0032,0.0017,-0.0002,-0.0004,-0.0081,0.0078,0.0021,-0.0002,0.0000,0.0025,0.0031,-0.0100,-0.0004,0.0036,0.0099,0.0469,0.0037,0.0045,0.0010,-0.0019
0.0000,-0.0021,0.0002,-0.0001,0.0001,0.0002,-0.0016,0.0000,0.0000,-0.0052,-0.0052,-0.0048,-0.0091,-0.0034,0.0020,0.0037,0.1459,0.0007,-0.0076,-0.0003
0.0097,0.0000,0.0003,-0.0005,-0.0001,0.0028,-0.0013,0.0011,-0.0024,0.0005,-0.0072,0.0052,-0.0079,-0.0086,-0.0007,0.0045,0.0007,0.3666,0.0013,-0.0002
-0.0020,0.0000,-0.0002,-0.0012,0.0000,-0.0043,0.0083,0.0022,0.0000,0.0000,-0.0011,0.0007,0.0001,0.0005,-0.0001,0.0010,-0.0076,0.0013,1.0274,-0.0105
0.0012,0.0001,0.0002,0.0003,-0.0030,0.0040,-0.0083,-0.0049,0.0016,-0.0001,0.0000,0.0007,-0.0010,0.0024,-0.0007,-0.0019,-0.0003,-0.0002,-0.0105,1.2306

V:
0.7086,0.0004,0.0000,-0.0125,-0.0185,0.6360,-0.0002,-0.0139,-0.0011,0.0000,0.0140,-0.0138,0.1514,0.0000,0.0108,0.1578,0.2106,0.0006,-0.0032,-0.0013
0.0017,0.6453,0.0000,0.0025,-0.0278,0.0564,-0.0466,0.6145,-0.0851,0.2869,0.0130,-0.0005,0.2121,0.0000,0.0000,-0.1847,-0.1549,0.0820,-0.0073,-0.0158
0.0000,0.0000,0.7071,0.0000,0.0000,0.0000,0.0000,0.0000,0.0000,0.0000,0.0000,0.0000,0.0000,0.7071,0.0000,0.0000,0.0000,0.0000,0.0000,0.0000
0.0187,-0.0038,0.0000,0.5920,0.5067,-0.0952,-0.3847,0.0748,-0.0033,-0.0637,0.0065,0.0109,0.1187,0.0000,-0.0003,-0.1187,0.3129,-0.3087,-0.0116,-0.0634
-0.0389,-0.0052,0.0000,-0.6733,0.5551,-0.0470,0.2052,0.0727,-0.0032,0.0360,-0.0932,0.0031,0.1179,0.0000,0.0003,-0.1009,0.2838,-0.2520,-0.0769,0.0572
-0.7040,0.0004,0.0000,0.0507,-0.0348,0.6360,-0.0003,-0.0143,-0.0013,-0.0001,0.0148,-0.0144,0.1629,0.0000,0.0108,0.1689,0.2006,0.0006,-0.0003,-0.0079
0.0132,0.0080,0.0000,0.2794,-0.3262,-0.1588,0.6748,0.0131,0.0024,0.1082,0.0499,0.0098,0.1890,0.0000,-0.0001,-0.1825,0.4249,-0.2507,0.0603,0.0652
0.0020,-0.5700,0.0000,0.0054,-0.0517,0.0638,0.0565,0.6186,0.2144,-0.3438,0.0397,-0.1033,0.1949,0.0000,0.0000,-0.1690,-0.1842,0.0072,-0.0663,0.0342
0.0033,0.1869,0.0000,-0.0026,-0.0265,0.1087,0.0034,-0.3346,0.6574,-0.0108,-0.1573,-0.0747,0.2746,0.0000,0.0000,-0.2673,-0.3525,-0.3039,-0.0225,-0.1179
0.0006,-0.3139,0.0000,0.0148,0.0736,-0.0480,-0.0401,-0.1009,0.0430,0.5610,-0.0505,-0.2429,0.2178,0.0000,0.0000,-0.2163,0.1311,0.4561,-0.1342,-0.4078
-0.0030,-0.1011,0.0000,-0.0064,0.1331,0.0273,-0.0538,-0.1459,0.1158,0.1976,0.6161,0.3848,0.2061,0.0000,0.0000,-0.1998,-0.0804,0.1866,0.1106,0.4807
0.0015,-0.1207,0.0000,0.0165,0.0184,0.0177,0.0011,0.0579,0.0168,0.0388,-0.5429,0.6504,0.0938,0.0000,0.0000,-0.0624,0.0125,0.1470,0.4685,-0.0872
0.0033,-0.1421,0.0000,0.0012,-0.0268,0.1206,0.0046,-0.2126,-0.7032,-0.0201,-0.0655,-0.0426,0.3135,0.0000,0.0000,-0.3111,-0.3856,-0.2721,-0.0153,-0.0166
0.0000,0.0000,-0.7071,0.0000,0.0000,0.0000,0.0000,0.0000,0.0000,0.0000,0.0000,0.0000,0.0000,0.7071,0.0000,0.0000,0.0000,0.0000,0.0000,0.0000
0.0080,-0.0001,0.0000,0.0003,0.0096,-0.2267,-0.0001,-0.0115,-0.0035,0.0000,0.0019,-0.0041,0.4617,0.0000,0.7033,0.4846,-0.0737,-0.0002,-0.0080,0.0014
0.0079,-0.0001,0.0000,0.0003,0.0087,-0.2050,-0.0001,-0.0118,-0.0035,0.0000,0.0023,-0.0045,0.4618,0.0000,-0.7107,0.4846,-0.0667,-0.0002,-0.0080,0.0013
-0.0096,-0.0083,0.0000,-0.3313,-0.4428,-0.1188,-0.4595,0.0231,-0.0055,-0.0904,0.2992,0.0785,0.1350,0.0000,0.0001,-0.1226,0.3155,-0.2387,0.2337,-0.3463
-0.0005,0.2799,0.0000,0.0153,0.1342,-0.0400,0.1608,-0.1680,-0.0667,-0.6423,0.1091,0.0375,0.2201,0.0000,0.0000,-0.2173,0.1193,0.4955,-0.0587,-0.2420
-0.0011,0.0280,0.0000,-0.0127,0.1002,-0.0107,-0.0150,-0.0321,0.0010,-0.0373,-0.0365,-0.5765,0.0469,0.0000,0.0000,-0.0426,0.0175,0.1156,0.7612,0.2355
-0.0053,0.0300,0.0000,-0.0687,-0.2729,-0.0908,-0.3278,-0.0794,0.0035,-0.0680,-0.4218,-0.1063,0.1902,0.0000,0.0001,-0.1837,0.2788,0.1575,-0.3126,0.5778

U:
0.0000,0.1514,0.1578,0.2106,0.6360,0.0006,-0.0139
0.0000,0.2121,-0.1847,-0.1549,0.0564,0.0820,0.6145
0.7071,0.0000,0.0000,0.0000,0.0000,0.0000,0.0000
0.0000,0.1187,-0.1187,0.3129,-0.0952,-0.3087,0.0748
0.0000,0.1179,-0.1009,0.2838,-0.0470,-0.2520,0.0727
0.0000,0.1629,0.1689,0.2006,0.6360,0.0006,-0.0143
0.0000,0.1890,-0.1825,0.4249,-0.1588,-0.2507,0.0131
0.0000,0.1949,-0.1690,-0.1842,0.0638,0.0072,0.6186
0.0000,0.2746,-0.2673,-0.3525,0.1087,-0.3039,-0.3346
0.0000,0.2178,-0.2163,0.1311,-0.0480,0.4561,-0.1009
0.0000,0.2061,-0.1998,-0.0804,0.0273,0.1866,-0.1459
0.0000,0.0938,-0.0624,0.0125,0.0177,0.1470,0.0579
0.0000,0.3135,-0.3111,-0.3856,0.1206,-0.2721,-0.2126
0.7071,0.0000,0.0000,0.0000,0.0000,0.0000,0.0000
0.0000,0.4617,0.4846,-0.0737,-0.2267,-0.0002,-0.0115
0.0000,0.4618,0.4846,-0.0667,-0.2050,-0.0002,-0.0118
0.0000,0.1350,-0.1226,0.3155,-0.1188,-0.2387,0.0231
0.0000,0.2201,-0.2173,0.1193,-0.0400,0.4955,-0.1680
0.0000,0.0469,-0.0426,0.0175,-0.0107,0.1156,-0.0321
0.0000,0.1902,-0.1837,0.2788,-0.0908,0.1575,-0.0794

T:
0.0000,0.2148,0.2238,0.2988,0.9023,0.0009,-0.0198
0.0000,0.3028,-0.2637,-0.2211,0.0805,0.1171,0.8773
1.0000,0.0000,0.0000,0.0000,0.0000,0.0000,0.0000
0.0000,0.2443,-0.2444,0.6440,-0.1959,-0.6355,0.1540
0.0000,0.2813,-0.2408,0.6772,-0.1121,-0.6014,0.1734
0.0000,0.2304,0.2388,0.2836,0.8995,0.0009,-0.0202
0.0000,0.3252,-0.3139,0.7311,-0.2732,-0.4314,0.0225
0.0000,0.2792,-0.2421,-0.2639,0.0913,0.0104,0.8862
0.0000,0.3934,-0.3829,-0.5050,0.1557,-0.4354,-0.4794
0.0000,0.3780,-0.3754,0.2275,-0.0832,0.7917,-0.1752
0.0000,0.5399,-0.5234,-0.2108,0.0716,0.4888,-0.3822
0.0000,0.4801,-0.3197,0.0640,0.0905,0.7530,0.2966
0.0000,0.4536,-0.4502,-0.5580,0.1745,-0.3938,-0.3076
1.0000,0.0000,0.0000,0.0000,0.0000,0.0000,0.0000
0.0000,0.6497,0.6819,-0.1038,-0.3190,-0.0003,-0.0162
0.0000,0.6565,0.6890,-0.0949,-0.2915,-0.0003,-0.0168
0.0000,0.2986,-0.2711,0.6978,-0.2627,-0.5280,0.0510
0.0000,0.3546,-0.3502,0.1923,-0.0645,0.7983,-0.2706
0.0000,0.3417,-0.3101,0.1275,-0.0779,0.8425,-0.2342
0.0000,0.4397,-0.4248,0.6446,-0.2100,0.3643,-0.1837

Centroids(C):
0.0000,0.2226,0.2313,0.2912,0.9009,0.0009,-0.0200
0.0000,0.3823,-0.3407,-0.0121,0.0155,0.5431,0.1425
1.0000,0.0000,0.0000,0.0000,0.0000,0.0000,0.0000
0.0000,0.4235,-0.4166,-0.5315,0.1651,-0.4146,-0.3935
0.0000,0.2874,-0.2675,0.6875,-0.2110,-0.5490,0.1002
0.0000,0.6531,0.6855,-0.0993,-0.3052,-0.0003,-0.0165
0.0000,0.4397,-0.4248,0.6446,-0.2100,0.3643,-0.1837

Centroids(python):
12,13,17,15,11,6,1
0.0000,0.4235,-0.4166,-0.5315,0.1651,-0.4146,-0.3935
1.0000,0.0000,0.0000,0.0000,0.0000,0.0000,0.0000
0.0000,0.4223,-0.3839,0.1742,-0.0456,0.6731,-0.1582
0.0000,0.6531,0.6855,-0.0993,-0.3052,-0.0003,-0.0165
0.0000,0.2226,0.2313,0.2912,0.9009,0.0009,-0.0200
0.0000,0.2874,-0.2675,0.6875,-0.2110,-0.5490,0.1002
0.0000,0.2910,-0.2529,-0.2425,0.0859,0.0637,0.8817