W:
0.0000,0.0045,0.0000,0.0157,0.0000,0.0011,0.0001,0.0009,0.0000,0.0056,0.1802,0.0227,0.0002,0.0001,0.0311,0.0285,0.0004
0.0045,0.0000,0.0006,0.2285,0.0001,0.0257,0.0042,0.0079,0.0030,0.0022,0.0044,0.0032,0.0014,0.0019,0.0045,0.0737,0.0039
0.0000,0.0006,0.0000,0.0007,0.2358,0.0208,0.0547,0.0423,0.0514,0.0029,0.0001,0.0008,0.1729,0.2952,0.0008,0.0009,0.0971
0.0157,0.2285,0.0007,0.0000,0.0002,0.0340,0.0031,0.0141,0.0021,0.0081,0.0189,0.0135,0.0024,0.0024,0.0193,0.3155,0.0063
0.0000,0.0001,0.2358,0.0002,0.0000,0.0051,0.0213,0.0100,0.0231,0.0008,0.0000,0.0002,0.0461,0.0716,0.0002,0.0002,0.0231
0.0011,0.0257,0.0208,0.0340,0.0051,0.0000,0.0632,0.2581,0.0416,0.0153,0.0030,0.0088,0.0528,0.0703,0.0099,0.0367,0.1490
0.0001,0.0042,0.0547,0.0031,0.0213,0.0632,0.0000,0.0393,0.6575,0.0014,0.0002,0.0006,0.0324,0.1143,0.0007,0.0025,0.0538
0.0009,0.0079,0.0423,0.0141,0.0100,0.2581,0.0393,0.0000,0.0266,0.0355,0.0032,0.0143,0.1670,0.1249,0.0145,0.0217,0.4320
0.0000,0.0030,0.0514,0.0021,0.0231,0.0416,0.6575,0.0266,0.0000,0.0009,0.0001,0.0004,0.0250,0.0918,0.0004,0.0017,0.0383
0.0056,0.0022,0.0029,0.0081,0.0008,0.0153,0.0014,0.0355,0.0009,0.0000,0.0299,0.2385,0.0165,0.0059,0.1815,0.0237,0.0214
0.1802,0.0044,0.0001,0.0189,0.0000,0.0030,0.0002,0.0032,0.0001,0.0299,0.0000,0.1236,0.0008,0.0004,0.1636,0.0502,0.0015
0.0227,0.0032,0.0008,0.0135,0.0002,0.0088,0.0006,0.0143,0.0004,0.2385,0.1236,0.0000,0.0048,0.0020,0.6725,0.0429,0.0074
0.0002,0.0014,0.1729,0.0024,0.0461,0.0528,0.0324,0.1670,0.0250,0.0165,0.0008,0.0048,0.0000,0.2661,0.0043,0.0038,0.3541
0.0001,0.0019,0.2952,0.0024,0.0716,0.0703,0.1143,0.1249,0.0918,0.0059,0.0004,0.0020,0.2661,0.0000,0.0019,0.0030,0.2674
0.0311,0.0045,0.0008,0.0193,0.0002,0.0099,0.0007,0.0145,0.0004,0.1815,0.1636,0.6725,0.0043,0.0019,0.0000,0.0611,0.0072
0.0285,0.0737,0.0009,0.3155,0.0002,0.0367,0.0025,0.0217,0.0017,0.0237,0.0502,0.0429,0.0038,0.0030,0.0611,0.0000,0.0094
0.0004,0.0039,0.0971,0.0063,0.0231,0.1490,0.0538,0.4320,0.0383,0.0214,0.0015,0.0074,0.3541,0.2674,0.0072,0.0094,0.0000

D:
0.2912,0.0000,0.0000,0.0000,0.0000,0.0000,0.0000,0.0000,0.0000,0.0000,0.0000,0.0000,0.0000,0.0000,0.0000,0.0000,0.0000
0.0000,0.3698,0.0000,0.0000,0.0000,0.0000,0.0000,0.0000,0.0000,0.0000,0.0000,0.0000,0.0000,0.0000,0.0000,0.0000,0.0000
0.0000,0.0000,0.9771,0.0000,0.0000,0.0000,0.0000,0.0000,0.0000,0.0000,0.0000,0.0000,0.0000,0.0000,0.0000,0.0000,0.0000
0.0000,0.0000,0.0000,0.6849,0.0000,0.0000,0.0000,0.0000,0.0000,0.0000,0.0000,0.0000,0.0000,0.0000,0.0000,0.0000,0.0000
0.0000,0.0000,0.0000,0.0000,0.4379,0.0000,0.0000,0.0000,0.0000,0.0000,0.0000,0.0000,0.0000,0.0000,0.0000,0.0000,0.0000
0.0000,0.0000,0.0000,0.0000,0.0000,0.7953,0.0000,0.0000,0.0000,0.0000,0.0000,0.0000,0.0000,0.0000,0.0000,0.0000,0.0000
0.0000,0.0000,0.0000,0.0000,0.0000,0.0000,1.0494,0.0000,0.0000,0.0000,0.0000,0.0000,0.0000,0.0000,0.0000,0.0000,0.0000
0.0000,0.0000,0.0000,0.0000,0.0000,0.0000,0.0000,1.2122,0.0000,0.0000,0.0000,0.0000,0.0000,0.0000,0.0000,0.0000,0.0000
0.0000,0.0000,0.0000,0.0000,0.0000,0.0000,0.0000,0.0000,0.9641,0.0000,0.0000,0.0000,0.0000,0.0000,0.0000,0.0000,0.0000
0.0000,0.0000,0.0000,0.0000,0.0000,0.0000,0.0000,0.0000,0.0000,0.5901,0.0000,0.0000,0.0000,0.0000,0.0000,0.0000,0.0000
0.0000,0.0000,0.0000,0.0000,0.0000,0.0000,0.0000,0.0000,0.0000,0.0000,0.5802,0.0000,0.0000,0.0000,0.0000,0.0000,0.0000
0.0000,0.0000,0.0000,0.0000,0.0000,0.0000,0.0000,0.0000,0.0000,0.0000,0.0000,1.1562,0.0000,0.0000,0.0000,0.0000,0.0000
0.0000,0.0000,0.0000,0.0000,0.0000,0.0000,0.0000,0.0000,0.0000,0.0000,0.0000,0.0000,1.1505,0.0000,0.0000,0.0000,0.0000
0.0000,0.0000,0.0000,0.0000,0.0000,0.0000,0.0000,0.0000,0.0000,0.0000,0.0000,0.0000,0.0000,1.3193,0.0000,0.0000,0.0000
0.0000,0.0000,0.0000,0.0000,0.0000,0.0000,0.0000,0.0000,0.0000,0.0000,0.0000,0.0000,0.0000,0.0000,1.1735,0.0000,0.0000
0.0000,0.0000,0.0000,0.0000,0.0000,0.0000,0.0000,0.0000,0.0000,0.0000,0.0000,0.0000,0.0000,0.0000,0.0000,0.6755,0.0000
0.0000,0.0000,0.0000,0.0000,0.0000,0.0000,0.0000,0.0000,0.0000,0.0000,0.0000,0.0000,0.0000,0.0000,0.0000,0.0000,1.4721

Lnorm:
1.0000,-0.0137,-0.0001,-0.0352,0.0000,-0.0023,-0.0001,-0.0015,-0.0001,-0.0136,-0.4384,-0.0391,-0.0003,-0.0002,-0.0531,-0.0643,-0.0006
-0.0137,1.0000,-0.0010,-0.4540,-0.0004,-0.0474,-0.0067,-0.0118,-0.0050,-0.0047,-0.0096,-0.0049,-0.0021,-0.0028,-0.0069,-0.1474,-0.0053
-0.0001,-0.0010,1.0000,-0.0009,-0.3605,-0.0236,-0.0541,-0.0388,-0.0529,-0.0038,-0.0002,-0.0008,-0.1631,-0.2600,-0.0007,-0.0012,-0.0809
-0.0352,-0.4540,-0.0009,1.0000,-0.0003,-0.0461,-0.0037,-0.0155,-0.0026,-0.0127,-0.0301,-0.0152,-0.0027,-0.0025,-0.0215,-0.4639,-0.0063
0.0000,-0.0004,-0.3605,-0.0003,1.0000,-0.0086,-0.0314,-0.0137,-0.0356,-0.0016,-0.0001,-0.0003,-0.0650,-0.0942,-0.0003,-0.0004,-0.0287
-0.0023,-0.0474,-0.0236,-0.0461,-0.0086,1.0000,-0.0692,-0.2628,-0.0475,-0.0223,-0.0045,-0.0091,-0.0552,-0.0686,-0.0103,-0.0501,-0.1377
-0.0001,-0.0067,-0.0541,-0.0037,-0.0314,-0.0692,1.0000,-0.0348,-0.6537,-0.0018,-0.0002,-0.0006,-0.0295,-0.0971,-0.0006,-0.0030,-0.0433
-0.0015,-0.0118,-0.0388,-0.0155,-0.0137,-0.2628,-0.0348,1.0000,-0.0247,-0.0419,-0.0038,-0.0121,-0.1414,-0.0987,-0.0122,-0.0240,-0.3234
-0.0001,-0.0050,-0.0529,-0.0026,-0.0356,-0.0475,-0.6537,-0.0247,1.0000,-0.0013,-0.0002,-0.0004,-0.0237,-0.0814,-0.0004,-0.0021,-0.0322
-0.0136,-0.0047,-0.0038,-0.0127,-0.0016,-0.0223,-0.0018,-0.0419,-0.0013,1.0000,-0.0511,-0.2888,-0.0201,-0.0067,-0.2181,-0.0375,-0.0229
-0.4384,-0.0096,-0.0002,-0.0301,-0.0001,-0.0045,-0.0002,-0.0038,-0.0002,-0.0511,1.0000,-0.1509,-0.0010,-0.0005,-0.1982,-0.0801,-0.0016
-0.0391,-0.0049,-0.0008,-0.0152,-0.0003,-0.0091,-0.0006,-0.0121,-0.0004,-0.2888,-0.1509,1.0000,-0.0041,-0.0016,-0.5774,-0.0485,-0.0057
-0.0003,-0.0021,-0.1631,-0.0027,-0.0650,-0.0552,-0.0295,-0.1414,-0.0237,-0.0201,-0.0010,-0.0041,1.0000,-0.2160,-0.0037,-0.0043,-0.2720
-0.0002,-0.0028,-0.2600,-0.0025,-0.0942,-0.0686,-0.0971,-0.0987,-0.0814,-0.0067,-0.0005,-0.0016,-0.2160,1.0000,-0.0015,-0.0032,-0.1919
-0.0531,-0.0069,-0.0007,-0.0215,-0.0003,-0.0103,-0.0006,-0.0122,-0.0004,-0.2181,-0.1982,-0.5774,-0.0037,-0.0015,1.0000,-0.0686,-0.0055
-0.0643,-0.1474,-0.0012,-0.4639,-0.0004,-0.0501,-0.0030,-0.0240,-0.0021,-0.0375,-0.0801,-0.0485,-0.0043,-0.0032,-0.0686,1.0000,-0.0094
-0.0006,-0.0053,-0.0809,-0.0063,-0.0287,-0.1377,-0.0433,-0.3234,-0.0322,-0.0229,-0.0016,-0.0057,-0.2720,-0.1919,-0.0055,-0.0094,1.0000

A:
1.4545,-0.0047,-0.0001,0.0000,0.0020,0.0006,0.0000,0.0005,-0.0010,-0.0003,0.0000,0.0000,0.0002,-0.0003,0.0033,0.0014,0.0011
-0.0047,1.1549,-0.0007,0.0002,-0.0027,0.0016,-0.0005,0.0029,0.0000,0.0017,0.0004,0.0001,-0.0020,-0.0011,0.0001,0.0038,0.0005
-0.0001,-0.0007,1.4093,0.0002,0.0000,-0.0004,0.0005,0.0004,-0.0004,0.0007,-0.0045,-0.0002,0.0000,0.0040,0.0034,-0.0004,-0.0037
0.0000,0.0002,0.0002,1.5808,-0.0020,-0.0001,0.0001,-0.0008,-0.0014,-0.0024,-0.0002,-0.0034,0.0032,0.0024,-0.0002,0.0029,0.0000
0.0020,-0.0027,0.0000,-0.0020,0.6475,0.0043,0.0000,0.0051,-0.0001,0.0014,0.0003,-0.0010,0.0029,0.0007,0.0006,-0.0002,0.0001
0.0006,0.0016,-0.0004,-0.0001,0.0043,1.0051,-0.0032,0.0001,-0.0014,0.0000,0.0001,0.0004,-0.0014,0.0038,-0.0008,0.0021,0.0048
0.0000,-0.0005,0.0005,0.0001,0.0000,-0.0032,1.6542,0.0031,0.0000,0.0008,0.0000,0.0000,-0.0010,0.0001,0.0000,-0.0014,0.0000
0.0005,0.0029,0.0004,-0.0008,0.0051,0.0001,0.0031,1.3732,0.0030,-0.0026,0.0001,0.0009,0.0000,0.0000,0.0003,-0.0001,-0.0013
-0.0010,0.0000,-0.0004,-0.0014,-0.0001,-0.0014,0.0000,0.0030,0.4355,-0.0002,-0.0024,-0.0017,0.0019,0.0002,-0.0002,0.0020,0.0001
-0.0003,0.0017,0.0007,-0.0024,0.0014,0.0000,0.0008,-0.0026,-0.0002,1.1668,0.0024,-0.0017,0.0000,-0.0001,0.0023,-0.0051,-0.0008
0.0000,0.0004,-0.0045,-0.0002,0.0003,0.0001,0.0000,0.0001,-0.0024,0.0024,0.6793,0.0008,0.0016,0.0009,0.0002,0.0012,-0.0012
0.0000,0.0001,-0.0002,-0.0034,-0.0010,0.0004,0.0000,0.0009,-0.0017,-0.0017,0.0008,1.5856,0.0000,-0.0013,-0.0025,-0.0004,0.0036
0.0002,-0.0020,0.0000,0.0032,0.0029,-0.0014,-0.0010,0.0000,0.0019,0.0000,0.0016,0.0000,1.2574,0.0005,0.0040,0.0042,-0.0002
-0.0003,-0.0011,0.0040,0.0024,0.0007,0.0038,0.0001,0.0000,0.0002,-0.0001,0.0009,-0.0013,0.0005,1.1831,0.0000,-0.0027,0.0012
0.0033,0.0001,0.0034,-0.0002,0.0006,-0.0008,0.0000,0.0003,-0.0002,0.0023,0.0002,-0.0025,0.0040,0.0000,0.0944,0.0000,-0.0014
0.0014,0.0038,-0.0004,0.0029,-0.0002,0.0021,-0.0014,-0.0001,0.0020,-0.0051,0.0012,-0.0004,0.0042,-0.0027,0.0000,0.3183,-0.0002
0.0011,0.0005,-0.0037,0.0000,0.0001,0.0048,0.0000,-0.0013,0.0001,-0.0008,-0.0012,0.0036,-0.0002,0.0012,-0.0014,-0.0002,0.0001

V:
0.6695,0.0624,0.0028,-0.0122,0.3758,0.0114,-0.0001,-0.0056,0.0321,0.1363,0.5582,-0.0626,-0.0028,0.0623,0.2186,-0.0316,0.1361
-0.0226,0.7062,-0.0016,-0.4609,-0.0158,-0.0344,0.0003,0.0051,0.0171,0.0083,-0.1186,-0.0084,-0.0165,-0.0132,0.1397,0.4777,0.1555
-0.0012,0.0009,0.6919,0.0007,0.4555,0.1529,-0.0003,0.2524,-0.1442,-0.0232,-0.2850,-0.0007,-0.0266,0.0739,-0.2179,-0.0596,0.2587
0.0258,-0.0221,-0.0016,0.7418,0.0079,-0.0577,0.0005,0.0060,0.0175,0.0104,-0.1171,0.0057,-0.0204,-0.0167,0.2077,0.5854,0.2110
-0.0014,0.0005,-0.5197,0.0033,0.4572,0.4125,0.0108,-0.2434,-0.0956,0.1463,-0.2915,-0.0005,0.0248,-0.3433,-0.1545,-0.0447,0.1774
0.0022,0.0029,0.0645,0.0099,-0.2896,0.5882,-0.0151,-0.2519,-0.1041,-0.2229,0.1840,0.0008,0.4496,0.3681,-0.0979,0.0721,0.2354
0.0011,-0.0040,0.0081,0.0015,-0.0616,-0.0256,0.7085,0.0113,0.5998,0.0254,0.0318,-0.0003,0.0085,-0.0432,-0.2387,-0.0296,0.2687
0.0027,0.0035,-0.1678,0.0068,-0.3373,0.2782,-0.0041,0.6309,-0.2447,0.0731,0.2346,0.0001,-0.3307,-0.2138,-0.1558,0.0032,0.2880
0.0010,-0.0040,0.0082,0.0016,-0.0503,-0.0250,-0.7053,0.0105,0.6090,0.0380,0.0238,-0.0003,0.0085,-0.0705,-0.2325,-0.0296,0.2576
-0.0722,0.0119,-0.0011,0.0106,-0.1662,0.0273,-0.0008,-0.0275,-0.0129,0.8002,-0.2035,-0.0956,-0.0014,0.3700,0.2403,-0.2035,0.1958
-0.7137,0.0628,0.0025,0.0423,0.3254,0.0033,0.0000,-0.0015,0.0385,-0.0234,0.4768,0.1059,-0.0018,-0.0099,0.3002,-0.1062,0.1920
0.1864,0.0410,-0.0005,0.0038,-0.1348,-0.0153,0.0000,0.0025,0.0241,-0.2125,-0.2409,0.7044,0.0018,-0.0937,0.4065,-0.3091,0.2750
0.0008,0.0022,-0.1370,-0.0045,0.0082,-0.4935,-0.0015,0.2043,-0.2527,0.0807,0.0294,-0.0004,0.6946,-0.1498,-0.2008,-0.0425,0.2783
0.0003,0.0013,-0.3525,-0.0023,0.1465,-0.3000,-0.0174,-0.0462,-0.1395,-0.2838,-0.0680,-0.0008,-0.3452,0.6218,-0.2404,-0.0512,0.3016
0.0300,0.0188,-0.0002,0.0104,-0.0985,-0.0196,0.0001,0.0066,0.0295,-0.3426,-0.1944,-0.6922,0.0022,-0.1537,0.4126,-0.2907,0.2737
-0.0175,-0.7005,-0.0009,-0.4847,0.0309,-0.0310,0.0002,0.0038,0.0136,0.0095,-0.0443,0.0162,-0.0162,-0.0115,0.2186,0.4216,0.2092
0.0021,0.0037,0.2751,0.0007,-0.2323,-0.2031,-0.0006,-0.6087,-0.2837,0.1079,0.1788,-0.0003,-0.2904,-0.3251,-0.2100,-0.0271,0.3156

U:
0.1361,0.2186,-0.0316,0.0321,0.3758,0.5582
0.1555,0.1397,0.4777,0.0171,-0.0158,-0.1186
0.2587,-0.2179,-0.0596,-0.1442,0.4555,-0.2850
0.2110,0.2077,0.5854,0.0175,0.0079,-0.1171
0.1774,-0.1545,-0.0447,-0.0956,0.4572,-0.2915
0.2354,-0.0979,0.0721,-0.1041,-0.2896,0.1840
0.2687,-0.2387,-0.0296,0.5998,-0.0616,0.0318
0.2880,-0.1558,0.0032,-0.2447,-0.3373,0.2346
0.2576,-0.2325,-0.0296,0.6090,-0.0503,0.0238
0.1958,0.2403,-0.2035,-0.0129,-0.1662,-0.2035
0.1920,0.3002,-0.1062,0.0385,0.3254,0.4768
0.2750,0.4065,-0.3091,0.0241,-0.1348,-0.2409
0.2783,-0.2008,-0.0425,-0.2527,0.0082,0.0294
0.3016,-0.2404,-0.0512,-0.1395,0.1465,-0.0680
0.2737,0.4126,-0.2907,0.0295,-0.0985,-0.1944
0.2092,0.2186,0.4216,0.0136,0.0309,-0.0443
0.3156,-0.2100,-0.0271,-0.2837,-0.2323,0.1788

T:
0.1885,0.3029,-0.0438,0.0445,0.5206,0.7732
0.2905,0.2609,0.8925,0.0320,-0.0295,-0.2216
0.3957,-0.3333,-0.0912,-0.2205,0.6967,-0.4360
0.3165,0.3115,0.8781,0.0263,0.0118,-0.1757
0.2954,-0.2574,-0.0744,-0.1592,0.7615,-0.4855
0.5280,-0.2196,0.1618,-0.2335,-0.6496,0.4127
0.3821,-0.3394,-0.0422,0.8528,-0.0877,0.0453
0.4969,-0.2687,0.0056,-0.4223,-0.5820,0.4048
0.3660,-0.3304,-0.0421,0.8654,-0.0715,0.0338
0.4307,0.5285,-0.4476,-0.0284,-0.3657,-0.4476
0.2792,0.4365,-0.1544,0.0560,0.4732,0.6933
0.4279,0.6324,-0.4809,0.0375,-0.2096,-0.3747
0.6481,-0.4676,-0.0991,-0.5886,0.0191,0.0684
0.6797,-0.5416,-0.1154,-0.3144,0.3302,-0.1533
0.4451,0.6711,-0.4728,0.0480,-0.1603,-0.3162
0.4008,0.4188,0.8078,0.0261,0.0591,-0.0848
0.5660,-0.3767,-0.0486,-0.5088,-0.4167,0.3207

Centroids(C):
0.2338,0.3697,-0.0991,0.0502,0.4969,0.7332
0.3035,0.2862,0.8853,0.0291,-0.0088,-0.1986
0.5047,-0.4000,-0.0950,-0.3207,0.4519,-0.2516
0.4008,0.4188,0.8078,0.0261,0.0591,-0.0848
0.4346,0.6107,-0.4671,0.0190,-0.2452,-0.3795
0.4678,-0.3070,0.0069,0.1107,-0.3615,0.2434

Centroids(python):
12,9,10,15,8,5
0.5047,-0.4000,-0.0950,-0.3207,0.4519,-0.2516
0.4346,0.6107,-0.4671,0.0190,-0.2452,-0.3795
0.2338,0.3697,-0.0991,0.0502,0.4969,0.7332
0.3359,0.3304,0.8595,0.0281,0.0138,-0.1607
0.3741,-0.3349,-0.0421,0.8591,-0.0796,0.0395
0.5303,-0.2883,0.0396,-0.3882,-0.5494,0.3794